0,1,2,3,4,6,8,9,10,11
(1680,369,270.000000,-2)
(1675,369,270.000000,-2)
(1670,369,270.000000,-2)
(1665,369,270.000000,-2)
(1660,369,270.000000,-2)
(1655,369,270.000000,-2)
(1650,369,270.000000,-2)
(1645,369,270.000000,-2)
(1640,369,270.000000,-2)
(1635,369,270.000000,-2)
(1630,369,270.000000,-2)
(1625,369,270.000000,-2)
(1620,369,270.000000,-2)
(1615,369,270.000000,-2)
(1610,369,270.000000,-2)
(1605,369,270.000000,-2)
(1600,369,270.000000,-2)
(1595,369,270.000000,-2)
(1590,369,270.000000,-2)
(1585,369,270.000000,-2)
(1580,369,270.000000,-2)
(1575,369,270.000000,-2)
(1570,369,270.000000,-2)
(1565,369,270.000000,-2)
(1560,369,270.000000,-2)
(1555,369,270.000000,-2)
(1550,369,270.000000,-2)
(1545,369,270.000000,-2)
(1540,369,270.000000,-2)
(1535,369,270.000000,-2)
(1530,369,270.000000,-2)
(1525,369,270.000000,-2)
(1520,369,270.000000,-2)
(1515,369,270.000000,-2)
(1510,369,270.000000,-2)
(1505,369,270.000000,-2)
(1500,369,270.000000,-2)
(1495,369,270.000000,-2)
(1490,369,270.000000,-2)
(1485,369,270.000000,-2)
(1480,369,270.000000,-2)
(1475,369,270.000000,-2)
(1470,369,270.000000,-2)
(1465,369,270.000000,-2)
(1460,369,270.000000,-2)
(1455,369,270.000000,-2)
(1450,369,270.000000,-2)
(1445,369,270.000000,-2)
(1440,369,270.000000,-2)
(1435,369,270.000000,-2)
(1430,369,270.000000,-2)
(1425,369,270.000000,-2)
(1420,369,270.000000,-2)
(1415,369,270.000000,-2)
(1410,369,270.000000,-2)
(1405,369,270.000000,-2)
(1400,369,270.000000,-2)
(1395,369,270.000000,-2)
(1390,369,270.000000,-2)
(1385,369,270.000000,-2)
(1380,369,270.000000,-2)
(1375,369,270.000000,-2)
(1370,369,270.000000,-2)
(1365,369,270.000000,-2)
(1360,369,270.000000,-2)
(1355,369,270.000000,-2)
(1350,369,270.000000,-2)
(1345,369,270.000000,-2)
(1340,369,270.000000,-2)
(1335,369,270.000000,-2)
(1330,369,270.000000,-2)
(1325,369,270.000000,-2)
(1320,369,270.000000,-2)
(1315,369,270.000000,-2)
(1310,369,270.000000,-2)
(1305,369,270.000000,-2)
(1300,369,270.000000,-2)
(1295,369,270.000000,-2)
(1290,369,270.000000,-2)
(1285,369,270.000000,-2)
(1280,369,270.000000,-2)
(1275,369,270.000000,-2)
(1270,369,270.000000,-2)
(1265,369,270.000000,-2)
(1260,369,270.000000,-2)
(1255,369,270.000000,-2)
(1250,369,270.000000,-2)
(1245,369,270.000000,-2)
(1240,369,270.000000,-2)
(1235,369,270.000000,-2)
(1230,369,270.000000,-2)
(1225,369,270.000000,-2)
(1220,369,270.000000,-2)
(1215,369,270.000000,-2)
(1210,369,270.000000,-2)
(1205,369,270.000000,-2)
(1200,369,270.000000,-2)
(1195,369,270.000000,-2)
(1190,369,270.000000,-2)
(1185,369,270.000000,-2)
(1180,369,270.000000,-2)
(1175,369,270.000000,-2)
(1170,369,270.000000,-2)
(1165,369,270.000000,-2)
(1160,369,270.000000,-2)
(1155,369,270.000000,-2)
(1150,369,270.000000,-2)
(1145,369,270.000000,-2)
(1140,369,270.000000,-2)
(1135,369,270.000000,-2)
(1130,369,270.000000,-2)
(1125,369,270.000000,-2)
(1120,369,270.000000,-2)
(1115,369,270.000000,-2)
(1110,369,270.000000,-2)
(1105,369,270.000000,-2)
(1100,369,270.000000,-2)
(1095,369,270.000000,-2)
(1090,369,270.000000,-2)
(1085,369,270.000000,-2)
(1080,369,270.000000,-2)
(1075,369,270.000000,-2)
(1070,369,270.000000,-2)
(1065,369,270.000000,-2)
(1060,369,270.000000,-2)
(1055,369,270.000000,-2)
(1050,369,270.000000,-2)
(1045,369,270.000000,-2)
(1040,369,270.000000,-2)
(1035,369,270.000000,-2)
(1030,369,270.000000,-2)
(1025,369,270.000000,-2)
(1020,369,270.000000,-2)
(1015,369,270.000000,-2)
(1010,369,270.000000,-2)
(1005,369,270.000000,-2)
(1000,369,270.000000,-2)
(995,369,270.000000,-2)
(990,369,270.000000,-2)
(985,369,270.000000,-2)
(980,369,270.000000,-2)
(975,369,270.000000,-2)
(970,369,270.000000,-2)
(965,369,270.000000,-2)
(960,369,270.000000,-2)
(955,369,270.000000,-2)
(950,369,270.000000,-2)
(945,369,270.000000,-2)
(940,369,270.000000,-2)
(935,369,270.000000,-2)
(930,369,270.000000,-2)
(925,369,270.000000,-2)
(920,369,270.000000,-2)
(915,369,270.000000,-2)
(910,369,270.000000,-2)
(905,369,270.000000,-2)
(900,369,270.000000,-2)
(895,369,270.000000,-2)
(890,369,270.000000,-2)
(885,369,270.000000,-2)
(880,369,270.000000,-2)
(875,369,270.000000,-2)
(870,369,270.000000,-2)
(865,369,270.000000,-2)
(860,369,270.000000,-2)
(855,369,270.000000,-2)
(850,369,270.000000,-2)
(845,369,270.000000,-2)
(840,369,270.000000,-2)
(835,369,270.000000,-2)
(830,369,270.000000,-2)
(825,369,270.000000,-2)
(820,369,270.000000,-2)
(815,369,270.000000,-2)
(810,369,270.000000,-2)
(805,369,270.000000,-2)
(800,369,270.000000,-2)
(795,369,270.000000,-2)
(790,369,270.000000,-2)
(785,369,270.000000,-2)
(780,369,270.000000,-2)
(775,369,270.000000,-2)
(770,369,270.000000,-2)
(765,369,270.000000,-2)
(760,369,270.000000,-2)
(755,369,270.000000,-2)
(750,369,270.000000,-2)
(745,369,270.000000,-2)
(740,369,270.000000,-2)
(735,369,270.000000,-2)
(730,369,270.000000,-2)
(725,369,270.000000,-2)
(720,369,270.000000,-2)
(715,369,270.000000,-2)
(710,369,270.000000,-2)
(705,369,270.000000,-2)
(700,369,270.000000,-2)
(695,369,270.000000,-2)
(690,369,270.000000,-2)
(685,369,270.000000,-2)
(680,369,270.000000,-2)
(675,369,270.000000,-2)
(670,369,270.000000,-2)
(665,369,270.000000,-2)
(660,369,270.000000,-2)
(655,369,270.000000,-2)
(650,369,270.000000,-2)
(645,369,270.000000,-2)
(640,369,270.000000,-2)
(635,369,270.000000,-2)
(630,369,270.000000,-2)
(625,369,270.000000,-2)
(620,369,270.000000,-2)
(615,369,270.000000,-2)
(610,369,270.000000,-2)
(605,369,270.000000,-2)
(600,369,270.000000,-2)
(595,369,270.000000,-2)
(590,369,270.000000,-2)
(585,369,270.000000,-2)
(580,369,270.000000,-2)
(575,369,270.000000,-2)
(570,369,270.000000,-2)
(565,369,270.000000,-2)
(560,369,270.000000,-2)
(555,369,270.000000,-2)
(550,369,270.000000,-2)
(545,369,270.000000,-2)
(540,369,270.000000,-2)
(535,369,270.000000,-2)
(530,369,270.000000,-2)
(525,369,270.000000,-2)
(520,369,270.000000,-2)
(515,369,270.000000,-2)
(510,369,270.000000,-2)
(505,369,270.000000,-2)
(500,369,270.000000,-2)
(495,369,270.000000,-2)
(490,369,270.000000,-2)
(485,369,270.000000,-2)
(480,369,270.000000,-2)
(475,369,270.000000,-2)
(470,369,270.000000,-2)
(465,369,270.000000,-2)
(460,369,270.000000,-2)
(455,369,270.000000,-2)
(450,369,270.000000,-2)
(445,369,270.000000,-2)
(440,369,270.000000,-2)
(435,369,270.000000,-2)
(430,369,270.000000,-2)
(425,369,270.000000,-2)
(420,369,270.000000,-2)
(415,369,270.000000,-2)
(410,369,270.000000,-2)
(405,369,270.000000,-2)
(400,369,270.000000,-2)
(395,369,270.000000,-2)
(390,369,270.000000,-2)
(385,369,270.000000,-2)
(380,369,270.000000,-2)
(375,369,270.000000,-2)
(370,369,270.000000,-2)
(365,369,270.000000,-2)
(360,369,270.000000,-2)
(355,369,270.000000,-2)
(350,369,270.000000,-2)
(345,369,270.000000,-2)
(340,369,270.000000,-2)
(335,369,270.000000,-2)
(330,369,270.000000,-2)
(325,369,270.000000,-2)
(320,369,270.000000,-2)
(315,369,270.000000,-2)
(310,369,270.000000,-2)
(305,369,270.000000,-2)
(300,369,270.000000,-2)
(295,369,270.000000,-2)
(290,369,270.000000,-2)
(285,369,270.000000,-2)
(280,369,270.000000,-2)
(275,369,270.000000,-2)
(270,369,270.000000,-2)
(265,369,270.000000,-2)
(260,369,270.000000,-2)
(255,369,270.000000,-2)
(250,369,270.000000,-2)
(245,369,270.000000,-2)
(240,369,270.000000,-2)
(235,369,270.000000,-2)
(230,369,270.000000,-2)
(225,369,270.000000,-2)
(220,369,270.000000,-2)
(215,369,270.000000,-2)
(210,369,270.000000,-2)
(205,369,270.000000,-2)
(200,369,270.000000,-2)
(195,369,270.000000,-2)
(190,369,270.000000,-2)
(185,369,270.000000,-2)
(180,369,270.000000,-2)
(175,369,270.000000,-2)
(170,369,270.000000,-2)
(165,369,270.000000,-2)
(160,369,270.000000,-2)
(155,369,270.000000,-2)
(150,369,270.000000,-2)
(145,369,270.000000,-2)
(140,369,270.000000,-2)
(135,369,270.000000,-2)
(130,369,270.000000,-2)
(125,369,270.000000,-2)
(120,369,270.000000,-2)
(115,369,270.000000,-2)
(110,369,270.000000,-2)
(105,369,270.000000,-2)
(100,369,270.000000,-2)
(95,369,270.000000,-2)
(90,369,270.000000,-2)
(85,369,270.000000,-2)
(80,369,270.000000,-2)
(75,369,270.000000,-2)
(70,369,270.000000,-2)
(65,369,270.000000,-2)
(60,369,270.000000,-2)
(55,369,270.000000,-2)
(50,369,270.000000,-2)
(45,369,270.000000,-2)
(40,369,270.000000,-2)
(35,369,270.000000,-2)
(30,369,270.000000,-2)
(25,369,270.000000,-2)
(20,369,270.000000,-2)
(15,369,270.000000,-2)
(10,369,270.000000,-2)
(5,369,270.000000,-2)
(0,369,270.000000,-2)
(-5,369,270.000000,-2)
(-10,369,270.000000,-2)
(-15,369,270.000000,-2)
(-20,369,270.000000,-2)
(-25,369,270.000000,-2)
(-30,369,270.000000,-2)
(-35,369,270.000000,-2)
(-40,369,270.000000,-2)
(-45,369,270.000000,-2)
(-50,369,270.000000,-2)
(-55,369,270.000000,-2)
(-60,369,270.000000,-2)
(-65,369,270.000000,-2)
(-70,369,270.000000,-2)
(-75,369,270.000000,-2)
(-80,369,270.000000,-2)
(-85,369,270.000000,-2)
(-90,369,270.000000,-2)
(-95,369,270.000000,-2)
(-100,369,270.000000,-2)
(-105,369,270.000000,-2)
(-110,369,270.000000,-2)
(-115,369,270.000000,-2)
(-120,369,270.000000,-2)
(-125,369,270.000000,-2)
(-130,369,270.000000,-2)
(-135,369,270.000000,-2)
(-140,369,270.000000,-2)
(-145,369,270.000000,-2)
(-150,369,270.000000,-2)
(-155,369,270.000000,-2)
(-160,369,270.000000,-2)
(-165,369,270.000000,-2)
(-170,369,270.000000,-2)
(-175,369,270.000000,-2)
(-180,369,270.000000,-2)
(-185,369,270.000000,-2)
(-190,369,270.000000,-2)
(-195,369,270.000000,-2)
(-200,369,270.000000,-2)
(-205,369,270.000000,-2)
(-210,369,270.000000,-2)
(-215,369,270.000000,-2)
(-220,369,270.000000,-2)
(-225,369,270.000000,-2)
(-230,369,270.000000,-2)
(-235,369,270.000000,-2)
(-240,369,270.000000,-2)
(-245,369,270.000000,-2)
(-250,369,270.000000,-2)
(-255,369,270.000000,-2)
(-260,369,270.000000,-2)
(-265,369,270.000000,-2)
(-270,369,270.000000,-2)
(-275,369,270.000000,-2)
(-280,369,270.000000,-2)
(-285,369,270.000000,-2)
(-290,369,270.000000,-2)
(-295,369,270.000000,-2)
(-300,369,270.000000,-2)
(-305,369,270.000000,-2)
(-310,369,270.000000,-2)
(-315,369,270.000000,-2)
(-320,369,270.000000,-2)
(-325,369,270.000000,-2)
(-330,369,270.000000,-2)
(-335,369,270.000000,-2)
(-340,369,270.000000,-2)
(-345,369,270.000000,-2)
(-350,369,270.000000,-2)
(-355,369,270.000000,-2)
(-360,369,270.000000,-2)
(-365,369,270.000000,-2)
(-370,369,270.000000,-2)
(-375,369,270.000000,-2)
(-380,369,270.000000,-2)
(-385,369,270.000000,-2)
(-390,369,270.000000,-2)
(-395,369,270.000000,-2)
(-400,369,270.000000,-2)
(-405,369,270.000000,-2)
(-410,369,270.000000,-2)
(-415,369,270.000000,-2)
(-420,369,270.000000,-2)
(-425,369,270.000000,-2)
(-430,369,270.000000,-2)
(-435,369,270.000000,-2)
(-440,369,270.000000,-2)
(-445,369,270.000000,-2)
(-450,369,270.000000,-2)
(-455,369,270.000000,-2)
(-460,369,270.000000,-2)
(-465,369,270.000000,-2)
(-470,369,270.000000,-2)
(-475,369,270.000000,-2)
(-480,369,270.000000,-2)
(-485,369,270.000000,-2)
(-490,369,270.000000,-2)
(-495,369,270.000000,-2)
(-500,369,270.000000,-2)
(-505,369,270.000000,-2)
(-510,369,270.000000,-2)
(-515,369,270.000000,-2)
(-520,369,270.000000,-2)
(-525,369,270.000000,-2)
(-530,369,270.000000,-2)
(-535,369,270.000000,-2)
(-540,369,270.000000,-2)
(-545,369,270.000000,-2)
(-550,369,270.000000,-2)
(-555,369,270.000000,-2)
(-560,369,270.000000,-2)
(-565,369,270.000000,-2)
(-570,369,270.000000,-2)
(-575,369,270.000000,-2)
(-580,369,270.000000,-2)
(-585,369,270.000000,-2)
(-590,369,270.000000,-2)
(-595,369,270.000000,-2)
(-600,369,270.000000,-2)
(-605,369,270.000000,-2)
(-610,369,270.000000,-2)
(-615,369,270.000000,-2)
(-620,369,270.000000,-2)
(-625,369,270.000000,-2)
(-630,369,270.000000,-2)
(-635,369,270.000000,-2)
(-640,369,270.000000,-2)
(-645,369,270.000000,-2)
(-650,369,270.000000,-2)
(-655,369,270.000000,-2)
(-660,369,270.000000,-2)
(-665,369,270.000000,-2)
(-670,369,270.000000,-2)
(-675,369,270.000000,-2)
(-680,369,270.000000,-2)
(-685,369,270.000000,-2)
(-690,369,270.000000,-2)
(-695,369,270.000000,-2)
(-700,369,270.000000,-2)
(-705,369,270.000000,-2)
(-710,369,270.000000,-2)
(-715,369,270.000000,-2)
(-720,369,270.000000,-2)
(-725,369,270.000000,-2)
(-730,369,270.000000,-2)
(-735,369,270.000000,-2)
(-740,369,270.000000,-2)
(-745,369,270.000000,-2)
(-750,369,270.000000,-2)
(-755,369,270.000000,-2)
(-760,369,270.000000,-2)
(-765,369,270.000000,-2)
(-770,369,270.000000,-2)
(-775,369,270.000000,-2)
(-780,369,270.000000,-2)
(-785,369,270.000000,-2)
(-790,369,270.000000,-2)
(-795,369,270.000000,-2)
(-800,369,270.000000,-2)
(-805,369,270.000000,-2)
(-810,369,270.000000,-2)
(-815,369,270.000000,-2)
(-820,369,270.000000,-2)
(-825,369,270.000000,-2)
(-830,369,270.000000,-2)
(-835,369,270.000000,-2)
(-840,369,270.000000,-2)
(-845,369,270.000000,-2)
(-850,369,270.000000,-2)
(-855,369,270.000000,-2)
(-860,369,270.000000,-2)
(-865,369,270.000000,-2)
(-870,369,270.000000,-2)
(-875,369,270.000000,-2)
(-880,369,270.000000,-2)
(-885,369,270.000000,-2)
(-890,369,270.000000,-2)
(-895,369,270.000000,-2)
(-900,369,270.000000,-2)
(-905,369,270.000000,-2)
(-910,369,270.000000,-2)
(-915,369,270.000000,-2)
(-920,369,270.000000,-2)
(-925,369,270.000000,-2)
(-930,369,270.000000,-2)
(-935,369,270.000000,-2)
(-940,369,270.000000,-2)
(-945,369,270.000000,-2)
(-950,369,270.000000,-2)
(-955,369,270.000000,-2)
(-960,369,270.000000,-2)
(-965,369,270.000000,-2)
(-970,369,270.000000,-2)
(-975,369,270.000000,-2)
(-980,369,270.000000,-2)
(-985,369,270.000000,-2)
(-990,369,270.000000,-2)
(-995,369,270.000000,-2)
(-1000,369,270.000000,-2)
